15 
45 
3 
50 
5 
32 
28 
35 
68 
51 
84 
84 
58 
79 
55 
50 
67 
36 
105 
115 
30 
74 
113 
11 
36 
16 
39 
110 
0 
59 
65 
91 
75 
113 
91 
34 
109 
68 
117 
55 
54 
29 
19 
105 
149 
28 
48 
121 
92 
137 
63 
21 
123 
22 
63 
26 
46 
94 
41 
105 
110 
72 
10 
5 
90 
98 
144 
27 
128 
110 
99 
21 
79 
29 
58 
148 
63 
93 
49 
66 
137 
82 
130 
86 
99 
23 
95 
106 
26 
148 
145 
7 
118 
5 
36 
16 
15 
7 
149 
57 
137 
149 
138 
12 
136 
59 
74 
139 
131 
93 
51 
16 
88 
125 
76 
55 
58 
66 
58 
62 
72 
54 
108 
106 
115 
147 
79 
47 
130 
145 
68 
60 
130 
119 
88 
122 
111 
102 
147 
78 
59 
88 
12 
61 
131 
52 
57 
117 
50 
65 
139 
110 
78 
20 
136 
1 
27 
141 
83 
62 
67 
46 
39 
19 
100 
25 
146 
10 
77 
87 
121 
66 
104 
27 
43 
0 
37 
136 
31 
143 
46 
59 
25 
57 
37 
5 
83 
21 
27 
12 
80 
97 
66 
104 
132 
11 
146 
148 
105 
9 
82 
36 
115 
78 
129 
53 
15 
99 
98 
57 
150 
143 
119 
68 
90 
52 
82 
75 
136 
72 
124 
16 
72 
41 
79 
74 
35 
96 
136 
130 
70 
88 
113 
59 
14 
43 
126 
12 
149 
80 
9 
81 
34 
41 
14 
110 
23 
48 
78 
26 
6 
64 
69 
54 
23 
61 
94 
9 
92 
79 
34 
83 
64 
60 
146 
16 
132 
116 
83 
35 
10 
3 
38 
69 
93 
60 
28 
21 
20 
74 
54 
101 
112 
136 
9 
108 
78 
133 
38 
30 
119 
40 
123 
114 
72 
91 
102 
6 
131 
95 
